
Descriptive statistics
=======================================================
Statistic      N      Mean   St. Dev.   Min      Max   
-------------------------------------------------------
horatesimbad 34,426  14.00    31.04    0.00   1,157.80 
poverty      4,898    8.06     8.72    0.01     60.85  
wosec        4,898    0.66     0.16    0.12     0.99   
gini         4,909    0.42     0.07    0.24     0.70   
IDH_ingpc    7,328  6,231.06 3,724.28 879.17  45,013.00
loggdp       7,328    8.58     0.57    6.78     10.71  
ied          34,426  383.86  1,257.72 -531.49 22,062.54
divrate      28,258  22.37    57.26    0.00   1,639.13 
ruralcorp    4,172    0.26     0.11    0.00     0.90   
munENP       8,237    2.48     0.61    1.00     3.99   
rem          4,899    6.51     7.48    0.00     53.71  
ret          4,899    2.31     2.74    0.00     17.83  
-------------------------------------------------------
